CCCHF1,CCCHF2,CCCHF5,CCCSF1,CCCSF2,CCCSF5,CCMEF1,CCMEF2,CCMEF5,HDCHF2,HDCHF3,HDCHF5,HDCSF2,HDCSF4,HDCSF5,HDMEF2,HDMEF3,HDMEF5,HSPCHF2,HSPCHF3,HSPCHF5,HSPCSF1,HSPCSF2,HSPCSF4,HSPMEF3,HSPMEF4,HSPMEF5,SSBCHF3,SSBCHF4,SSBCHF5,SSBCSF1,SSBCSF3,SSBCSF4,SSBMEF2,SSBMEF3,SSBMEF4,XGCHF1,XGCHF2,XGCHF5,XGCSF1,XGCSF2,XGCSF4,XGMEF2,XGMEF3,XGMEF5,YSCHF2,YSCHF3,YSCHF5,YSCSF2,YSCSF3,YSCSF5,YSMEF1,YSMEF2,YSMEF4,
CCCHF1,0,0.540272922,0.362394194,0.459105993,0.593739464,0.449683247,0.573421113,0.653452345,0.510922222,0.253917271,0.282788849,0.258353593,0.166255568,0.261317055,0.295139567,0.203822334,0.275868188,0.206626089,0.186272248,0.215001863,0.160381879,0.232268025,0.197061381,0.226660515,0.209003957,0.223892251,0.190016503,0.259045659,0.246038365,0.251166752,0.242205384,0.193086437,0.215214807,0.319166681,0.380547619,0.326158323,0.289425585,0.242719997,0.173566625,0.202313985,0.167621954,0.193121928,0.171951804,0.179156389,0.197398541,0.398026724,0.276790943,0.181498767,0.213067627,0.21576491,0.156229482,0.14047167,0.127801537,0.160293152
CCCHF2,0.540272922,0,0.720316576,0.730342661,0.710201764,0.678792611,0.586534878,0.750199634,0.443916029,0.562419037,0.58099835,0.541869998,0.224921477,0.268929782,0.268841055,0.243926676,0.225578053,0.173868295,0.136532217,0.162777492,0.125210725,0.182297304,0.150267067,0.179759729,0.149078132,0.143435132,0.125867301,0.20541941,0.255283658,0.175571842,0.175873512,0.118591734,0.15296435,0.310861888,0.45956737,0.409543414,0.249392224,0.199031107,0.117438291,0.150284812,0.114066687,0.123808848,0.116551027,0.117527017,0.144251415,0.466736465,0.353521552,0.252426668,0.163895445,0.205224212,0.107607403,0.101662733,0.085975902,0.138679396
CCCHF5,0.362394194,0.720316576,0,0.640782212,0.49889092,0.64937093,0.425815839,0.566766632,0.301776303,0.564087094,0.588114209,0.564069349,0.429897255,0.268503895,0.269568612,0.214611467,0.210441325,0.173052011,0.114155413,0.147339095,0.101875677,0.176157436,0.141678349,0.174613596,0.127517612,0.127304669,0.105371498,0.190051994,0.260642734,0.162653275,0.163221124,0.111617838,0.15108335,0.278246056,0.435114368,0.421982858,0.2282221,0.191826522,0.109293205,0.138714887,0.09930261,0.122176282,0.097457101,0.109648111,0.122531187,0.481979664,0.334143701,0.227139638,0.164995652,0.192713786,0.101698224,0.093198233,0.076428939,0.127854773
CCCSF1,0.459105993,0.730342661,0.640782212,0,0.695047291,0.665235214,0.571469132,0.689226838,0.441360708,0.624758221,0.58728018,0.605948219,0.149805689,0.290596774,0.27349032,0.250474686,0.237733572,0.207886004,0.181321314,0.231487232,0.199847391,0.240288893,0.213049882,0.204940287,0.217184533,0.19920856,0.178517559,0.221123986,0.276702216,0.203999787,0.214611467,0.138076056,0.173335936,0.341117598,0.44549536,0.353911948,0.30784519,0.228488279,0.143026991,0.194914202,0.145742019,0.142885028,0.15330151,0.140258726,0.173708587,0.490710344,0.275584263,0.235444431,0.180788955,0.225826487,0.13143932,0.123720121,0.107749366,0.141252462
CCCSF2,0.593739464,0.710201764,0.49889092,0.695047291,0,0.731247671,0.659184072,0.781342608,0.505456675,0.389526733,0.398363885,0.388018384,0.159530105,0.280144802,0.276524764,0.262896385,0.2603943,0.22197576,0.17794971,0.245239828,0.213067627,0.271804518,0.23759161,0.212269089,0.251379696,0.215693929,0.19356556,0.232498713,0.28662183,0.214079108,0.215835892,0.161624048,0.18792256,0.350912995,0.437616453,0.361755364,0.31096836,0.229286817,0.15924618,0.192483098,0.152715916,0.150905897,0.159192944,0.155413199,0.180735719,0.490532891,0.281156283,0.240821252,0.184054088,0.271236669,0.141358934,0.132486292,0.11804163,0.142370415
CCCSF5,0.449683247,0.678792611,0.64937093,0.665235214,0.731247671,0,0.561088141,0.643834401,0.392951573,0.425407698,0.426170745,0.405976612,0.302432878,0.280322254,0.280198037,0.265433961,0.246801413,0.221851543,0.159938246,0.235142761,0.199776409,0.259986159,0.231309779,0.195038419,0.225808741,0.19074406,0.16173052,0.233492449,0.303497596,0.188987277,0.199439249,0.131581282,0.160843256,0.346725108,0.481695739,0.47236172,0.29441201,0.216385995,0.129576065,0.181339059,0.12865331,0.131794226,0.131031178,0.130871471,0.157152237,0.501126826,0.319503842,0.252036271,0.171241992,0.261388036,0.114545809,0.110446649,0.094387167,0.13362199
CCMEF1,0.573421113,0.586534878,0.425815839,0.571469132,0.659184072,0.561088141,0,0.655989921,0.608876191,0.326122833,0.30660302,0.324880663,0.146930953,0.284652104,0.296133303,0.277128103,0.27040264,0.252746083,0.219225241,0.291217859,0.236509148,0.30848402,0.274945433,0.251681366,0.271147942,0.251681366,0.222135467,0.260305574,0.318137455,0.264440225,0.281422462,0.199634447,0.240537327,0.381718808,0.456710379,0.387663478,0.330488173,0.291750217,0.191311909,0.24477845,0.186485192,0.200592692,0.203396447,0.194878711,0.227955921,0.512732241,0.313239757,0.249392224,0.239366138,0.302326407,0.174010257,0.170940323,0.15924618,0.188667862
CCMEF2,0.653452345,0.750199634,0.566766632,0.689226838,0.781342608,0.643834401,0.655989921,0,0.539705073,0.437864887,0.440757369,0.428051745,0.154916331,0.277802424,0.255159441,0.204265966,0.204230476,0.188543645,0.142494632,0.178109417,0.141305698,0.20014906,0.172519653,0.187407946,0.164995652,0.158465388,0.139460188,0.212056146,0.239845261,0.182066616,0.191595833,0.129824499,0.162883964,0.273295122,0.407342999,0.307170869,0.272265895,0.190087484,0.125689848,0.169573936,0.131048924,0.131758735,0.129434103,0.126293188,0.151633453,0.482795947,0.283214736,0.209128174,0.173087502,0.188827569,0.120117829,0.112895498,0.094245204,0.128191933
CCMEF5,0.510922222,0.443916029,0.301776303,0.441360708,0.505456675,0.392951573,0.608876191,0.539705073,0,0.181534257,0.19172005,0.196600004,0.131510301,0.255904743,0.256880734,0.23698827,0.270171952,0.295423491,0.355686476,0.341490249,0.278441254,0.354923429,0.318616578,0.364257449,0.314712615,0.32748922,0.312476709,0.333078984,0.364381666,0.411530886,0.420421273,0.345269994,0.352084184,0.371036147,0.357869146,0.385746988,0.432133161,0.376803365,0.335474598,0.334338899,0.31160719,0.325129097,0.343459976,0.348091495,0.363281458,0.438840878,0.355349316,0.207318155,0.341383777,0.365322166,0.277944386,0.270136461,0.256117687,0.268699093
HDCHF2,0.253917271,0.562419037,0.564087094,0.624758221,0.389526733,0.425407698,0.326122833,0.437864887,0.181534257,0,0.695632886,0.721718453,0.214025873,0.370166628,0.326389012,0.310418256,0.287597821,0.219349458,0.12553014,0.157879793,0.125405923,0.156335954,0.151101095,0.159672067,0.143949745,0.14329317,0.118023885,0.172555143,0.20135574,0.150976878,0.166965379,0.094174223,0.163363086,0.311944351,0.423615424,0.32063954,0.161677284,0.214771175,0.095806789,0.14799567,0.102479016,0.10961262,0.104537469,0.105655422,0.123081291,0.406917112,0.34686707,0.278618707,0.172626125,0.212020656,0.086259826,0.083544798,0.066473835,0.123063546
HDCHF3,0.282788849,0.58099835,0.588114209,0.58728018,0.398363885,0.426170745,0.30660302,0.440757369,0.19172005,0.695632886,0,0.624509787,0.218142779,0.306390077,0.334498607,0.270846273,0.246730431,0.199953862,0.113906979,0.135041613,0.103437262,0.146398595,0.132805707,0.166007134,0.122548933,0.122655404,0.105832875,0.17606871,0.211754476,0.172856813,0.158252444,0.115557291,0.147764981,0.297783614,0.455343992,0.375046581,0.151349529,0.191595833,0.110712828,0.134509254,0.097190922,0.125885046,0.103880894,0.121981084,0.124767093,0.404663461,0.36496726,0.296328501,0.1676397,0.207424627,0.108494668,0.099746242,0.085337072,0.140329707
HDCHF5,0.258353593,0.541869998,0.564069349,0.605948219,0.388018384,0.405976612,0.324880663,0.428051745,0.196600004,0.721718453,0.624509787,0,0.225790996,0.449612266,0.439390982,0.406189555,0.386066403,0.329423456,0.126151225,0.146132415,0.118183593,0.154863095,0.146096925,0.164729473,0.139619896,0.14268983,0.120845385,0.181871418,0.197522758,0.166681454,0.168633436,0.119195074,0.176849502,0.337107164,0.426312707,0.341064362,0.151331784,0.21572942,0.117172112,0.142814047,0.111546856,0.127606339,0.115805725,0.120029102,0.140045783,0.423650915,0.322609267,0.315830568,0.18261672,0.205561372,0.105708658,0.103455007,0.086348553,0.137277518
HDCSF2,0.166255568,0.224921477,0.429897255,0.149805689,0.159530105,0.302432878,0.146930953,0.154916331,0.131510301,0.214025873,0.218142779,0.225790996,0,0.2538108,0.257821234,0.261086366,0.271893244,0.253970507,0.107465441,0.116444555,0.095700318,0.138395471,0.124749348,0.153035331,0.126062499,0.134775433,0.110499885,0.157187727,0.221478892,0.15330151,0.151899633,0.123879829,0.154366227,0.226305609,0.279985094,0.361311731,0.128759782,0.178801484,0.102603233,0.120011357,0.086419534,0.114332866,0.090713893,0.105566696,0.115592781,0.274519546,0.282469434,0.244902667,0.1638777,0.166894398,0.094848544,0.093411176,0.07928593,0.1192838
HDCSF4,0.261317055,0.268929782,0.268503895,0.290596774,0.280144802,0.280322254,0.284652104,0.277802424,0.255904743,0.370166628,0.306390077,0.449612266,0.2538108,0,0.653523326,0.627916881,0.599879332,0.502830373,0.176476851,0.18547371,0.154419463,0.212286835,0.184888116,0.219828581,0.172448672,0.184125069,0.164232605,0.225755505,0.268024772,0.229411034,0.221319184,0.140684613,0.205366174,0.384664525,0.427998509,0.386013167,0.218976807,0.264937093,0.134970632,0.185349493,0.152804642,0.158394407,0.164623001,0.160896492,0.174631342,0.417919188,0.376980817,0.371781449,0.222898515,0.251290969,0.127783791,0.12579632,0.110570866,0.166681454
HDCSF5,0.295139567,0.268841055,0.269568612,0.27349032,0.276524764,0.280198037,0.296133303,0.255159441,0.256880734,0.326389012,0.334498607,0.439390982,0.257821234,0.653523326,0,0.628325023,0.606196653,0.538480649,0.202402711,0.217503948,0.194452824,0.240093695,0.225755505,0.235604138,0.21697159,0.2272816,0.197682466,0.251947545,0.283392189,0.265043565,0.253562366,0.183344276,0.240661544,0.450180115,0.47642539,0.467180097,0.241193903,0.302077973,0.164339077,0.222437137,0.178712757,0.183876635,0.193743013,0.187106277,0.206714816,0.413607084,0.389544479,0.377211506,0.254644828,0.299913048,0.166131351,0.159370397,0.139992547,0.196546768
HDMEF2,0.203822334,0.243926676,0.214611467,0.250474686,0.262896385,0.265433961,0.277128103,0.204265966,0.23698827,0.310418256,0.270846273,0.406189555,0.261086366,0.627916881,0.628325023,0,0.686707008,0.632228985,0.276223094,0.328074814,0.294553972,0.331819069,0.323283587,0.297552925,0.322289851,0.301811794,0.258992423,0.299966284,0.361329477,0.304526822,0.312033077,0.237059252,0.289248132,0.515127855,0.474721843,0.497418061,0.252195979,0.354320089,0.237999752,0.281688641,0.234858836,0.235781591,0.240626054,0.244867177,0.260837932,0.419569499,0.40989832,0.457473426,0.305538303,0.406384753,0.20884425,0.190087484,0.171082285,0.221745071
HDMEF3,0.275868188,0.225578053,0.210441325,0.237733572,0.2603943,0.246801413,0.27040264,0.204230476,0.270171952,0.287597821,0.246730431,0.386066403,0.271893244,0.599879332,0.606196653,0.686707008,0,0.63190957,0.291696982,0.321384842,0.283126009,0.343211542,0.305218888,0.333220947,0.340230334,0.342359768,0.299487161,0.325146842,0.374052845,0.333717814,0.346778344,0.272372367,0.328891097,0.479726013,0.436658208,0.453480737,0.294944369,0.409188508,0.258495555,0.305804482,0.250066545,0.267031037,0.269036254,0.276152113,0.302770039,0.423757386,0.43300268,0.460703068,0.330097777,0.398150941,0.222525864,0.210015438,0.192607315,0.245062375
HDMEF5,0.206626089,0.173868295,0.173052011,0.207886004,0.22197576,0.221851543,0.252746083,0.188543645,0.295423491,0.219349458,0.199953862,0.329423456,0.253970507,0.502830373,0.538480649,0.632228985,0.63190957,0,0.389331535,0.387929658,0.336876475,0.406668678,0.371639487,0.393235498,0.364931769,0.40274697,0.378293968,0.347133249,0.41245364,0.465600767,0.439302255,0.366901496,0.417262612,0.464660267,0.430500594,0.449079907,0.320515323,0.470001597,0.349741806,0.390183309,0.343282523,0.349156212,0.361897326,0.373041364,0.395506894,0.44647135,0.398843007,0.388249073,0.39307579,0.507373166,0.339396305,0.250882828,0.237715827,0.251131262
HSPCHF2,0.186272248,0.136532217,0.114155413,0.181321314,0.17794971,0.159938246,0.219225241,0.142494632,0.355686476,0.12553014,0.113906979,0.126151225,0.107465441,0.176476851,0.202402711,0.276223094,0.291696982,0.389331535,0,0.535925328,0.468741682,0.497134137,0.479726013,0.530654978,0.526378365,0.539438894,0.513104892,0.386687488,0.401025677,0.551842848,0.57945451,0.52730112,0.535783366,0.403279329,0.279239792,0.319734531,0.376892091,0.52199528,0.537167498,0.539616347,0.506645609,0.532819903,0.519865846,0.558302131,0.539740564,0.352616542,0.313665643,0.206022749,0.524053733,0.498340816,0.284421415,0.297322237,0.29535251,0.29407485
HSPCHF3,0.215001863,0.162777492,0.147339095,0.231487232,0.245239828,0.235142761,0.291217859,0.178109417,0.341490249,0.157879793,0.135041613,0.146132415,0.116444555,0.18547371,0.217503948,0.328074814,0.321384842,0.387929658,0.535925328,0,0.489592391,0.54634181,0.524160204,0.502794882,0.557130942,0.520735365,0.483665466,0.401380583,0.409756357,0.502173797,0.517062091,0.46615087,0.507994251,0.448529803,0.339626994,0.372952638,0.373165581,0.481748975,0.469859635,0.516742676,0.464181144,0.500931627,0.451457775,0.494277146,0.497258354,0.389278299,0.304473586,0.248416233,0.499813675,0.518801129,0.266161518,0.270136461,0.265043565,0.273348358
HSPCHF5,0.160381879,0.125210725,0.101875677,0.199847391,0.213067627,0.199776409,0.236509148,0.141305698,0.278441254,0.125405923,0.103437262,0.118183593,0.095700318,0.154419463,0.194452824,0.294553972,0.283126009,0.336876475,0.468741682,0.489592391,0,0.48733874,0.492822033,0.424201019,0.493354391,0.478661296,0.468919135,0.327205295,0.336645786,0.41490249,0.417156141,0.437527727,0.426578887,0.394335705,0.27849449,0.303160435,0.306691747,0.407360744,0.431405604,0.48891807,0.430429613,0.426898302,0.389438007,0.424964066,0.428992245,0.326459993,0.278725179,0.223359892,0.448600784,0.435380548,0.238656327,0.261760687,0.260287829,0.265771121
HSPCSF1,0.232268025,0.182297304,0.176157436,0.240288893,0.271804518,0.259986159,0.30848402,0.20014906,0.354923429,0.156335954,0.146398595,0.154863095,0.138395471,0.212286835,0.240093695,0.331819069,0.343211542,0.406668678,0.497134137,0.54634181,0.48733874,0,0.55510798,0.531737441,0.513743723,0.506485901,0.483470268,0.409241744,0.449825209,0.497063155,0.52327294,0.457952549,0.514985892,0.479796994,0.36338793,0.393129026,0.392632158,0.494099693,0.436942133,0.502457722,0.442265718,0.455361738,0.431281387,0.461661314,0.476567352,0.431796,0.324117616,0.269337923,0.495909712,0.526467091,0.273862971,0.270580093,0.262931876,0.272762763
HSPCSF2,0.197061381,0.150267067,0.141678349,0.213049882,0.23759161,0.231309779,0.274945433,0.172519653,0.318616578,0.151101095,0.132805707,0.146096925,0.124749348,0.184888116,0.225755505,0.323283587,0.305218888,0.371639487,0.479726013,0.524160204,0.492822033,0.55510798,0,0.474899296,0.511401345,0.496584033,0.469682182,0.368888968,0.397583092,0.462743776,0.473852324,0.428921264,0.45271769,0.425425443,0.314836832,0.345358721,0.344542438,0.460436889,0.435611236,0.492112221,0.42084716,0.450854435,0.396003762,0.438379501,0.429524604,0.379181233,0.311678172,0.254538356,0.476460881,0.476940003,0.253757564,0.266126027,0.256401611,0.266960055
HSPCSF4,0.226660515,0.179759729,0.174613596,0.204940287,0.212269089,0.195038419,0.251681366,0.187407946,0.364257449,0.159672067,0.166007134,0.164729473,0.153035331,0.219828581,0.235604138,0.297552925,0.333220947,0.393235498,0.530654978,0.502794882,0.424201019,0.531737441,0.474899296,0,0.499884656,0.518392987,0.495306372,0.398523592,0.402072649,0.531489007,0.560963924,0.523681082,0.538604866,0.406526716,0.324508012,0.356076873,0.387663478,0.516263553,0.49358508,0.516511987,0.469398257,0.519652902,0.442159246,0.507071496,0.489414938,0.395081007,0.341916136,0.239685554,0.517842883,0.483026636,0.280517452,0.276116622,0.263552961,0.268432914
HSPMEF3,0.209003957,0.149078132,0.127517612,0.217184533,0.251379696,0.225808741,0.271147942,0.164995652,0.314712615,0.143949745,0.122548933,0.139619896,0.126062499,0.172448672,0.21697159,0.322289851,0.340230334,0.364931769,0.526378365,0.557130942,0.493354391,0.513743723,0.511401345,0.499884656,0,0.547779178,0.527247884,0.360211524,0.399428602,0.484393023,0.493851259,0.480098664,0.503043316,0.42242649,0.309158341,0.336840985,0.339662485,0.461732295,0.469185314,0.512643515,0.457473426,0.472202012,0.423633169,0.478891984,0.463914965,0.357194825,0.299575888,0.238798289,0.481376324,0.503540184,0.263730414,0.27036715,0.260731461,0.271981971
HSPMEF4,0.223892251,0.143435132,0.127304669,0.19920856,0.215693929,0.19074406,0.251681366,0.158465388,0.32748922,0.14329317,0.122655404,0.14268983,0.134775433,0.184125069,0.2272816,0.301811794,0.342359768,0.40274697,0.539438894,0.520735365,0.478661296,0.506485901,0.496584033,0.518392987,0.547779178,0,0.515695704,0.382073714,0.40771565,0.523823044,0.549110074,0.534008837,0.527762497,0.401877451,0.297215765,0.324419286,0.361453694,0.504391958,0.498305325,0.52857878,0.48831473,0.511773996,0.466434795,0.503185279,0.502173797,0.365286675,0.311500719,0.232143808,0.517878374,0.485315777,0.277837915,0.294003868,0.288964208,0.29719802
HSPMEF5,0.190016503,0.125867301,0.105371498,0.178517559,0.19356556,0.16173052,0.222135467,0.139460188,0.312476709,0.118023885,0.105832875,0.120845385,0.110499885,0.164232605,0.197682466,0.258992423,0.299487161,0.378293968,0.513104892,0.483665466,0.468919135,0.483470268,0.469682182,0.495306372,0.527247884,0.515695704,0,0.350274165,0.368409845,0.511915958,0.494738523,0.525863752,0.51920927,0.364399411,0.260979895,0.28568133,0.351054957,0.459425408,0.529253101,0.525047469,0.503646656,0.52857878,0.467783437,0.516139336,0.49358508,0.343247032,0.284155236,0.215995599,0.525615318,0.475626852,0.268574876,0.271538339,0.271041471,0.272762763
SSBCHF3,0.259045659,0.20541941,0.190051994,0.221123986,0.232498713,0.233492449,0.260305574,0.212056146,0.333078984,0.172555143,0.17606871,0.181871418,0.157187727,0.225755505,0.251947545,0.299966284,0.325146842,0.347133249,0.386687488,0.401380583,0.327205295,0.409241744,0.368888968,0.398523592,0.360211524,0.382073714,0.350274165,0,0.355775203,0.434333576,0.433765727,0.353823221,0.405302291,0.39149646,0.311092577,0.33685873,0.344915089,0.407573687,0.360051816,0.395648856,0.351622806,0.35593491,0.35495892,0.366227175,0.390094582,0.386350327,0.318971483,0.248646922,0.399872234,0.411388923,0.256064451,0.245754441,0.229677213,0.263961102
SSBCHF4,0.246038365,0.255283658,0.260642734,0.276702216,0.28662183,0.303497596,0.318137455,0.239845261,0.364381666,0.20135574,0.211754476,0.197522758,0.221478892,0.268024772,0.283392189,0.361329477,0.374052845,0.41245364,0.401025677,0.409756357,0.336645786,0.449825209,0.397583092,0.402072649,0.399428602,0.40771565,0.368409845,0.355775203,0,0.452930634,0.470462974,0.388178092,0.419729207,0.45271769,0.444022501,0.473621635,0.413731301,0.477170692,0.359874363,0.38434511,0.332298192,0.360779373,0.397849272,0.363600873,0.389899384,0.488847089,0.410714603,0.332156229,0.420900396,0.481305343,0.277500754,0.274927688,0.257413092,0.297925576
SSBCHF5,0.251166752,0.175571842,0.162653275,0.203999787,0.214079108,0.188987277,0.264440225,0.182066616,0.411530886,0.150976878,0.172856813,0.166681454,0.15330151,0.229411034,0.265043565,0.304526822,0.333717814,0.465600767,0.551842848,0.502173797,0.41490249,0.497063155,0.462743776,0.531489007,0.484393023,0.523823044,0.511915958,0.434333576,0.452930634,0,0.636558834,0.5672635,0.540148705,0.434936916,0.331464163,0.358241797,0.418416056,0.559384594,0.536049545,0.52703494,0.502528703,0.540858517,0.549145565,0.55883449,0.587830284,0.408744876,0.3674516,0.251361951,0.558160169,0.600482672,0.395240715,0.345642645,0.337355598,0.347186485
SSBCSF1,0.242205384,0.175873512,0.163221124,0.214611467,0.215835892,0.199439249,0.281422462,0.191595833,0.420421273,0.166965379,0.158252444,0.168633436,0.151899633,0.221319184,0.253562366,0.312033077,0.346778344,0.439302255,0.57945451,0.517062091,0.417156141,0.52327294,0.473852324,0.560963924,0.493851259,0.549110074,0.494738523,0.433765727,0.470462974,0.636558834,0,0.573350132,0.56477916,0.434457793,0.341667702,0.385871205,0.433570529,0.594750945,0.51887211,0.542029706,0.506929533,0.530016148,0.559011943,0.558426348,0.596773907,0.423473462,0.371266836,0.249161535,0.564229056,0.555942008,0.34716874,0.330434937,0.318101964,0.332599862
SSBCSF3,0.193086437,0.118591734,0.111617838,0.138076056,0.161624048,0.131581282,0.199634447,0.129824499,0.345269994,0.094174223,0.115557291,0.119195074,0.123879829,0.140684613,0.183344276,0.237059252,0.272372367,0.366901496,0.52730112,0.46615087,0.437527727,0.457952549,0.428921264,0.523681082,0.480098664,0.534008837,0.525863752,0.353823221,0.388178092,0.5672635,0.573350132,0,0.551239508,0.353805476,0.239650063,0.280091566,0.344595674,0.477951484,0.552002555,0.51638777,0.498127873,0.555356414,0.507674835,0.5766685,0.547229074,0.320568559,0.300090501,0.189626107,0.540805281,0.468120597,0.300977765,0.323620748,0.321154153,0.315759587
SSBCSF4,0.215214807,0.15296435,0.15108335,0.173335936,0.18792256,0.160843256,0.240537327,0.162883964,0.352084184,0.163363086,0.147764981,0.176849502,0.154366227,0.205366174,0.240661544,0.289248132,0.328891097,0.417262612,0.535783366,0.507994251,0.426578887,0.514985892,0.45271769,0.538604866,0.503043316,0.527762497,0.51920927,0.405302291,0.419729207,0.540148705,0.56477916,0.551239508,0,0.418770962,0.317356662,0.337479815,0.353450571,0.502919099,0.519706138,0.526733271,0.51672493,0.540823026,0.481500541,0.549606942,0.515642468,0.394335705,0.351374372,0.249622913,0.562241584,0.496495306,0.289798236,0.294358774,0.289319113,0.296399482
SSBMEF2,0.319166681,0.310861888,0.278246056,0.341117598,0.350912995,0.346725108,0.381718808,0.273295122,0.371036147,0.311944351,0.297783614,0.337107164,0.226305609,0.384664525,0.450180115,0.515127855,0.479726013,0.464660267,0.403279329,0.448529803,0.394335705,0.479796994,0.425425443,0.406526716,0.42242649,0.401877451,0.364399411,0.39149646,0.45271769,0.434936916,0.434457793,0.353805476,0.418770962,0,0.626177843,0.632637127,0.38619062,0.502564194,0.344844108,0.394122762,0.329281493,0.351321136,0.337142654,0.342909872,0.378613383,0.580678935,0.471651909,0.440473444,0.397796036,0.499707203,0.25602896,0.253739819,0.239933988,0.281866094
SSBMEF3,0.380547619,0.45956737,0.435114368,0.44549536,0.437616453,0.481695739,0.456710379,0.407342999,0.357869146,0.423615424,0.455343992,0.426312707,0.279985094,0.427998509,0.47642539,0.474721843,0.436658208,0.430500594,0.279239792,0.339626994,0.27849449,0.36338793,0.314836832,0.324508012,0.309158341,0.297215765,0.260979895,0.311092577,0.444022501,0.331464163,0.341667702,0.239650063,0.317356662,0.626177843,0,0.716909481,0.346086278,0.398062215,0.228168864,0.288094689,0.231753412,0.239224176,0.242702252,0.23228577,0.274803471,0.670008695,0.612389757,0.506556883,0.301172963,0.403368055,0.222295175,0.184941352,0.17482654,0.224087449
SSBMEF4,0.326158323,0.409543414,0.421982858,0.353911948,0.361755364,0.47236172,0.387663478,0.307170869,0.385746988,0.32063954,0.375046581,0.341064362,0.361311731,0.386013167,0.467180097,0.497418061,0.453480737,0.449079907,0.319734531,0.372952638,0.303160435,0.393129026,0.345358721,0.356076873,0.336840985,0.324419286,0.28568133,0.33685873,0.473621635,0.358241797,0.385871205,0.280091566,0.337479815,0.632637127,0.716909481,0,0.386297092,0.438113321,0.25941831,0.313541426,0.254609338,0.273703263,0.284545632,0.271414122,0.317729313,0.564725924,0.576047415,0.516760421,0.329334729,0.437971359,0.225666779,0.214114599,0.201976825,0.245257573
XGCHF1,0.289425585,0.249392224,0.2282221,0.30784519,0.31096836,0.29441201,0.330488173,0.272265895,0.432133161,0.161677284,0.151349529,0.151331784,0.128759782,0.218976807,0.241193903,0.252195979,0.294944369,0.320515323,0.376892091,0.373165581,0.306691747,0.392632158,0.344542438,0.387663478,0.339662485,0.361453694,0.351054957,0.344915089,0.413731301,0.418416056,0.433570529,0.344595674,0.353450571,0.38619062,0.346086278,0.386297092,0,0.415967207,0.346441183,0.367007968,0.337284617,0.330718861,0.35499441,0.348872287,0.378027789,0.389402516,0.294447501,0.224992458,0.343353504,0.397618583,0.248930847,0.251131262,0.235355704,0.240927723
XGCHF2,0.242719997,0.199031107,0.191826522,0.228488279,0.229286817,0.216385995,0.291750217,0.190087484,0.376803365,0.214771175,0.191595833,0.21572942,0.178801484,0.264937093,0.302077973,0.354320089,0.409188508,0.470001597,0.52199528,0.481748975,0.407360744,0.494099693,0.460436889,0.516263553,0.461732295,0.504391958,0.459425408,0.407573687,0.477170692,0.559384594,0.594750945,0.477951484,0.502919099,0.502564194,0.398062215,0.438113321,0.415967207,0,0.456799106,0.509999468,0.424786613,0.463719766,0.483239579,0.474420173,0.52135645,0.465441059,0.394140507,0.303763775,0.5142051,0.567387717,0.327631182,0.296647916,0.286675066,0.325501748
XGCHF5,0.173566625,0.117438291,0.109293205,0.143026991,0.15924618,0.129576065,0.191311909,0.125689848,0.335474598,0.095806789,0.110712828,0.117172112,0.102603233,0.134970632,0.164339077,0.237999752,0.258495555,0.349741806,0.537167498,0.469859635,0.431405604,0.436942133,0.435611236,0.49358508,0.469185314,0.498305325,0.529253101,0.360051816,0.359874363,0.536049545,0.51887211,0.552002555,0.519706138,0.344844108,0.228168864,0.25941831,0.346441183,0.456799106,0,0.54728231,0.520540166,0.534168545,0.472503682,0.554415914,0.493194684,0.306106152,0.284811811,0.174737813,0.535357479,0.460969247,0.289248132,0.308040388,0.302557095,0.304242897
XGCSF1,0.202313985,0.150284812,0.138714887,0.194914202,0.192483098,0.181339059,0.24477845,0.169573936,0.334338899,0.14799567,0.134509254,0.142814047,0.120011357,0.185349493,0.222437137,0.281688641,0.305804482,0.390183309,0.539616347,0.516742676,0.48891807,0.502457722,0.492112221,0.516511987,0.512643515,0.52857878,0.525047469,0.395648856,0.38434511,0.52703494,0.542029706,0.51638777,0.526733271,0.394122762,0.288094689,0.313541426,0.367007968,0.509999468,0.54728231,0,0.551221763,0.544283357,0.480222881,0.555604848,0.532269799,0.368871222,0.317640587,0.236615619,0.55292531,0.482866928,0.274324348,0.286479868,0.280020585,0.288023708
XGCSF2,0.167621954,0.114066687,0.09930261,0.145742019,0.152715916,0.12865331,0.186485192,0.131048924,0.31160719,0.102479016,0.097190922,0.111546856,0.086419534,0.152804642,0.178712757,0.234858836,0.250066545,0.343282523,0.506645609,0.464181144,0.430429613,0.442265718,0.42084716,0.469398257,0.457473426,0.48831473,0.503646656,0.351622806,0.332298192,0.502528703,0.506929533,0.498127873,0.51672493,0.329281493,0.231753412,0.254609338,0.337284617,0.424786613,0.520540166,0.551221763,0,0.510709279,0.474118503,0.52263411,0.494880486,0.312742889,0.279576952,0.194275371,0.539367913,0.45678136,0.261494508,0.292921406,0.29004667,0.285876528
XGCSF4,0.193121928,0.123808848,0.122176282,0.142885028,0.150905897,0.131794226,0.200592692,0.131758735,0.325129097,0.10961262,0.125885046,0.127606339,0.114332866,0.158394407,0.183876635,0.235781591,0.267031037,0.349156212,0.532819903,0.500931627,0.426898302,0.455361738,0.450854435,0.519652902,0.472202012,0.511773996,0.52857878,0.35593491,0.360779373,0.540858517,0.530016148,0.555356414,0.540823026,0.351321136,0.239224176,0.273703263,0.330718861,0.463719766,0.534168545,0.544283357,0.510709279,0,0.482103881,0.550157046,0.500842901,0.33595372,0.294341029,0.197185598,0.551150782,0.474562135,0.262967366,0.295299274,0.294057104,0.296843114
XGMEF2,0.171951804,0.116551027,0.097457101,0.15330151,0.159192944,0.131031178,0.203396447,0.129434103,0.343459976,0.104537469,0.103880894,0.115805725,0.090713893,0.164623001,0.193743013,0.240626054,0.269036254,0.361897326,0.519865846,0.451457775,0.389438007,0.431281387,0.396003762,0.442159246,0.423633169,0.466434795,0.467783437,0.35495892,0.397849272,0.549145565,0.559011943,0.507674835,0.481500541,0.337142654,0.242702252,0.284545632,0.35499441,0.483239579,0.472503682,0.480222881,0.474118503,0.482103881,0,0.528898195,0.517079836,0.335119692,0.294908878,0.23413128,0.493727042,0.489397193,0.288715774,0.322964172,0.325732437,0.311926606
XGMEF3,0.179156389,0.117527017,0.109648111,0.140258726,0.155413199,0.130871471,0.194878711,0.126293188,0.348091495,0.105655422,0.121981084,0.120029102,0.105566696,0.160896492,0.187106277,0.244867177,0.276152113,0.373041364,0.558302131,0.494277146,0.424964066,0.461661314,0.438379501,0.507071496,0.478891984,0.503185279,0.516139336,0.366227175,0.363600873,0.55883449,0.558426348,0.5766685,0.549606942,0.342909872,0.23228577,0.271414122,0.348872287,0.474420173,0.554415914,0.555604848,0.52263411,0.550157046,0.528898195,0,0.533032847,0.318581087,0.306532039,0.195233617,0.541958724,0.470569446,0.290082161,0.304029954,0.302965237,0.303107199
XGMEF5,0.197398541,0.144251415,0.122531187,0.173708587,0.180735719,0.157152237,0.227955921,0.151633453,0.363281458,0.123081291,0.124767093,0.140045783,0.115592781,0.174631342,0.206714816,0.260837932,0.302770039,0.395506894,0.539740564,0.497258354,0.428992245,0.476567352,0.429524604,0.489414938,0.463914965,0.502173797,0.49358508,0.390094582,0.389899384,0.587830284,0.596773907,0.547229074,0.515642468,0.378613383,0.274803471,0.317729313,0.378027789,0.52135645,0.493194684,0.532269799,0.494880486,0.500842901,0.517079836,0.533032847,0,0.358596703,0.321367097,0.211985165,0.507497383,0.508987986,0.302894256,0.320887974,0.316025766,0.319628059
YSCHF2,0.398026724,0.466736465,0.481979664,0.490710344,0.490532891,0.501126826,0.512732241,0.482795947,0.438840878,0.406917112,0.404663461,0.423650915,0.274519546,0.417919188,0.413607084,0.419569499,0.423757386,0.44647135,0.352616542,0.389278299,0.326459993,0.431796,0.379181233,0.395081007,0.357194825,0.365286675,0.343247032,0.386350327,0.488847089,0.408744876,0.423473462,0.320568559,0.394335705,0.580678935,0.670008695,0.564725924,0.389402516,0.465441059,0.306106152,0.368871222,0.312742889,0.33595372,0.335119692,0.318581087,0.358596703,0,0.517186308,0.400653026,0.379269959,0.440207265,0.25162813,0.230191827,0.222295175,0.265966319
YSCHF3,0.276790943,0.353521552,0.334143701,0.275584263,0.281156283,0.319503842,0.313239757,0.283214736,0.355349316,0.34686707,0.36496726,0.322609267,0.282469434,0.376980817,0.389544479,0.40989832,0.43300268,0.398843007,0.313665643,0.304473586,0.278725179,0.324117616,0.311678172,0.341916136,0.299575888,0.311500719,0.284155236,0.318971483,0.410714603,0.3674516,0.371266836,0.300090501,0.351374372,0.471651909,0.612389757,0.576047415,0.294447501,0.394140507,0.284811811,0.317640587,0.279576952,0.294341029,0.294908878,0.306532039,0.321367097,0.517186308,0,0.519936827,0.356715703,0.420332547,0.252497649,0.234645893,0.216723156,0.2622753
YSCHF5,0.181498767,0.252426668,0.227139638,0.235444431,0.240821252,0.252036271,0.249392224,0.209128174,0.207318155,0.278618707,0.296328501,0.315830568,0.244902667,0.371781449,0.377211506,0.457473426,0.460703068,0.388249073,0.206022749,0.248416233,0.223359892,0.269337923,0.254538356,0.239685554,0.238798289,0.232143808,0.215995599,0.248646922,0.332156229,0.251361951,0.249161535,0.189626107,0.249622913,0.440473444,0.506556883,0.516760421,0.224992458,0.303763775,0.174737813,0.236615619,0.194275371,0.197185598,0.23413128,0.195233617,0.211985165,0.400653026,0.519936827,0,0.261849414,0.349706316,0.168030096,0.156300463,0.141270207,0.192873494
YSCSF2,0.213067627,0.163895445,0.164995652,0.180788955,0.184054088,0.171241992,0.239366138,0.173087502,0.341383777,0.172626125,0.1676397,0.18261672,0.1638777,0.222898515,0.254644828,0.305538303,0.330097777,0.39307579,0.524053733,0.499813675,0.448600784,0.495909712,0.476460881,0.517842883,0.481376324,0.517878374,0.525615318,0.399872234,0.420900396,0.558160169,0.564229056,0.540805281,0.562241584,0.397796036,0.301172963,0.329334729,0.343353504,0.5142051,0.535357479,0.55292531,0.539367913,0.551150782,0.493727042,0.541958724,0.507497383,0.379269959,0.356715703,0.261849414,0,0.495537061,0.272461093,0.312636417,0.308714709,0.332564371
YSCSF3,0.21576491,0.205224212,0.192713786,0.225826487,0.271236669,0.261388036,0.302326407,0.188827569,0.365322166,0.212020656,0.207424627,0.205561372,0.166894398,0.251290969,0.299913048,0.406384753,0.398150941,0.507373166,0.498340816,0.518801129,0.435380548,0.526467091,0.476940003,0.483026636,0.503540184,0.485315777,0.475626852,0.411388923,0.481305343,0.600482672,0.555942008,0.468120597,0.496495306,0.499707203,0.403368055,0.437971359,0.397618583,0.567387717,0.460969247,0.482866928,0.45678136,0.474562135,0.489397193,0.470569446,0.508987986,0.440207265,0.420332547,0.349706316,0.495537061,0,0.39153195,0.296363991,0.289212642,0.31691303
YSCSF5,0.156229482,0.107607403,0.101698224,0.13143932,0.141358934,0.114545809,0.174010257,0.120117829,0.277944386,0.086259826,0.108494668,0.105708658,0.094848544,0.127783791,0.166131351,0.20884425,0.222525864,0.339396305,0.284421415,0.266161518,0.238656327,0.273862971,0.253757564,0.280517452,0.263730414,0.277837915,0.268574876,0.256064451,0.277500754,0.395240715,0.34716874,0.300977765,0.289798236,0.25602896,0.222295175,0.225666779,0.248930847,0.327631182,0.289248132,0.274324348,0.261494508,0.262967366,0.288715774,0.290082161,0.302894256,0.25162813,0.252497649,0.168030096,0.272461093,0.39153195,0,0.240182422,0.233776374,0.224956968
YSMEF1,0.14047167,0.101662733,0.093198233,0.123720121,0.132486292,0.110446649,0.170940323,0.112895498,0.270136461,0.083544798,0.099746242,0.103455007,0.093411176,0.12579632,0.159370397,0.190087484,0.210015438,0.250882828,0.297322237,0.270136461,0.261760687,0.270580093,0.266126027,0.276116622,0.27036715,0.294003868,0.271538339,0.245754441,0.274927688,0.345642645,0.330434937,0.323620748,0.294358774,0.253739819,0.184941352,0.214114599,0.251131262,0.296647916,0.308040388,0.286479868,0.292921406,0.295299274,0.322964172,0.304029954,0.320887974,0.230191827,0.234645893,0.156300463,0.312636417,0.296363991,0.240182422,0,0.882614945,0.866608699
YSMEF2,0.127801537,0.085975902,0.076428939,0.107749366,0.11804163,0.094387167,0.15924618,0.094245204,0.256117687,0.066473835,0.085337072,0.086348553,0.07928593,0.110570866,0.139992547,0.171082285,0.192607315,0.237715827,0.29535251,0.265043565,0.260287829,0.262931876,0.256401611,0.263552961,0.260731461,0.288964208,0.271041471,0.229677213,0.257413092,0.337355598,0.318101964,0.321154153,0.289319113,0.239933988,0.17482654,0.201976825,0.235355704,0.286675066,0.302557095,0.280020585,0.29004667,0.294057104,0.325732437,0.302965237,0.316025766,0.222295175,0.216723156,0.141270207,0.308714709,0.289212642,0.233776374,0.882614945,0,0.860539812
YSMEF4,0.160293152,0.138679396,0.127854773,0.141252462,0.142370415,0.13362199,0.188667862,0.128191933,0.268699093,0.123063546,0.140329707,0.137277518,0.1192838,0.166681454,0.196546768,0.221745071,0.245062375,0.251131262,0.29407485,0.273348358,0.265771121,0.272762763,0.266960055,0.268432914,0.271981971,0.29719802,0.272762763,0.263961102,0.297925576,0.347186485,0.332599862,0.315759587,0.296399482,0.281866094,0.224087449,0.245257573,0.240927723,0.325501748,0.304242897,0.288023708,0.285876528,0.296843114,0.311926606,0.303107199,0.319628059,0.265966319,0.2622753,0.192873494,0.332564371,0.31691303,0.224956968,0.866608699,0.860539812,0
